1741988104.971100
1741988105.203616
1741988105.268192
1741988105.305281
1741988105.335040
1741988105.372069
1741988105.434645
1741988105.497059
1741988105.532463
1741988105.562155
1741988105.598537
1741988105.627971
1741988105.664997
1741988105.695852
1741988105.729663
1741988105.765926
1741988105.793995
1741988105.830833
1741988105.861488
1741988105.895489
1741988105.926651
1741988105.962890
1741988105.990431
1741988106.025652
1741988106.058731
1741988106.092850
1741988106.123659
1741988106.159987
1741988106.192055
1741988106.225108
1741988106.262268
1741988106.291658
1741988106.325972
1741988106.355576
1741988106.392588
1741988106.422566
1741988106.459619
1741988106.519164
1741988106.554206
1741988106.585294
1741988106.622866
1741988106.686109
1741988106.749606
1741988106.778777
1741988106.812456
1741988106.842540
1741988106.878055
1741988106.907176
1741988106.940697
1741988106.975651
1741988107.007717
1741988107.042323
1741988107.075618
1741988107.112163
1741988107.140950
1741988107.173151
1741988107.208620
1741988107.241403
1741988107.274744
1741988107.308755
1741988107.341259
1741988107.375570
1741988107.407609
1741988107.443199
1741988107.476284
1741988107.513293
1741988107.541755
1741988107.577482
1741988107.608838
1741988107.645913
1741988107.676962
1741988107.709249
1741988107.742789
1741988107.773395
1741988107.809466
1741988107.841992
1741988107.874777
1741988107.909484
1741988107.939852
1741988107.976899
1741988108.038611
1741988108.070102
1741988108.106125
1741988108.135124
1741988108.172204
1741988108.233095
1741988108.265287
1741988108.299561
1741988108.333481
1741988108.361828
1741988108.394508
1741988108.428723
1741988108.462043
1741988108.497892
1741988108.529560
1741988108.565206
1741988108.595453
1741988108.628723
1741988108.665727
1741988108.696292
1741988108.732976
1741988108.765013
1741988108.802181
1741988108.833241
1741988108.870210
1741988108.897641
1741988108.930488
1741988108.967508
1741988108.998620
1741988109.035632
1741988109.066707
1741988109.100042
1741988109.132297
1741988109.165403
1741988109.202434
1741988109.233566
1741988109.269214
1741988109.303138
1741988109.336488
1741988109.366777
1741988109.399078
1741988109.436201
1741988109.464079
1741988109.497817
1741988109.528738
1741988109.565839
1741988109.595366
1741988109.628859
1741988109.663485
1741988109.697555
1741988109.728695
1741988109.762079
1741988109.795480
1741988109.828743
1741988109.862071
1741988109.895590
1741988109.928736
1741988109.965874
1741988109.994021
1741988110.027973
1741988110.062119
1741988110.125758
1741988110.157868
1741988110.194270
1741988110.222571
1741988110.259484
1741988110.290739
1741988110.327829
1741988110.357674
1741988110.390881
1741988110.427486
1741988110.459005
1741988110.492474
1741988110.525786
1741988110.562228
1741988110.594076
1741988110.629338
1741988110.662057
1741988110.696247
1741988110.728752
1741988110.763419
1741988110.795637
1741988110.829755
1741988110.863174
1741988110.890801
1741988110.926640
1741988110.959083
1741988110.991574
1741988111.028660
1741988111.058986
1741988111.091941
1741988111.127438
1741988111.156589
1741988111.193572
1741988111.254064
1741988111.288532
1741988111.322197
1741988111.353064
1741988111.390282
1741988111.419246
1741988111.452331
1741988111.489557
1741988111.553790
1741988111.616734
1741988111.645605
1741988111.678726
1741988111.716018
1741988111.773457
1741988111.807020
1741988111.838612
1741988111.872157
1741988111.901497
1741988111.935741
1741988111.966679
1741988111.999670
1741988112.034314
1741988112.064229
1741988112.097875
1741988112.130222
1741988112.163534
1741988112.195656
1741988112.230948
1741988112.259769
1741988112.294104
1741988112.327628
1741988112.360575
1741988112.392409
1741988112.424019
1741988112.457185
1741988112.490508
1741988112.523034
1741988112.554671
1741988112.587319
1741988112.619703
1741988112.655747
1741988112.696065
1741988112.728734
1741988112.761912
1741988112.793812
1741988112.826064
1741988112.859558
1741988112.889868
1741988112.924961
1741988112.958093
1741988112.989844
1741988113.022239
1741988113.054941
1741988113.088612
1741988113.120050
1741988113.152866
1741988113.187060
1741988113.222567
1741988113.254545
1741988113.287014
1741988113.321342
1741988113.352780
1741988113.384528
1741988113.423931
1741988113.456895
1741988113.490409
1741988113.522581
1741988113.555789
1741988113.590654
1741988113.623394
1741988113.655220
1741988113.688202
1741988113.722073
1741988113.753937
1741988113.786548
1741988113.820008
1741988113.853871
1741988113.891242
1741988113.924174
1741988113.957689
1741988113.990921
1741988114.024718
1741988114.058006
1741988114.090412
1741988114.122317
1741988114.154837
1741988114.187250
1741988114.219860
1741988114.255296
1741988114.293506
1741988114.327271
1741988114.357903
1741988114.391001
1741988114.424737
1741988114.457681
1741988114.496320
1741988114.529331
1741988114.560788
1741988114.593962
1741988114.626217
1741988114.660000
1741988114.689365
1741988114.721936
1741988114.754967
1741988114.787106
1741988114.819892
1741988114.854091
1741988114.993658
1741988115.027142
1741988115.061260
1741988115.095079
1741988115.127798
1741988115.160094
1741988115.192195
1741988115.223602
1741988115.256115
1741988115.290146
1741988115.323552
1741988115.359067
1741988115.390726
1741988115.424607
1741988115.456983
1741988115.492344
1741988115.524027
1741988115.556496
1741988115.590237
1741988115.622547
1741988115.661191
1741988115.693342
1741988115.724880
1741988115.757067
1741988115.788645
1741988115.820725
1741988115.857130
1741988115.893353
1741988115.925402
1741988115.960701
1741988115.992715
1741988116.025100
1741988116.057350
1741988116.096570
1741988116.129535
1741988116.162040
1741988116.195228
1741988116.226730
1741988116.260288
1741988116.324661
1741988116.356189
1741988116.387663
1741988116.425665
1741988116.458202
1741988116.492866
1741988116.525671
1741988116.558553
1741988116.591062
1741988116.623990
1741988116.658368
1741988116.698016
1741988116.731150
1741988116.763799
1741988116.797891
1741988116.827485
1741988116.860364
1741988116.893773
1741988116.925384
1741988116.957996
1741988116.993527
1741988117.025424
1741988117.061092
1741988117.093374
1741988117.128911
1741988117.161912
1741988117.194467
1741988117.227885
1741988117.260347
1741988117.293204
1741988117.325952
1741988117.358058
1741988117.390479
1741988117.423815
1741988117.455877
1741988117.488523
1741988117.526491
1741988117.558914
1741988117.594262
1741988117.626758
1741988117.663016
1741988117.697082
1741988117.725682
1741988117.759422
1741988117.822806
1741988117.858414
1741988117.893133
1741988117.925587
1741988117.960379
1741988117.993218
1741988118.025970
1741988118.091715
1741988118.127903
1741988118.160727
1741988118.196679
1741988118.229856
1741988118.261621
1741988118.294668
1741988118.330730
1741988118.363012
1741988118.395438
1741988118.428151
1741988118.462146
1741988118.492145
1741988118.524691
1741988118.556433
1741988118.591916
1741988118.624704
1741988118.660348
1741988118.693119
1741988118.726203
1741988118.759289
1741988118.792355
1741988118.824801
1741988118.859731
1741988118.894713
1741988118.927861
1741988118.959477
1741988119.025330
1741988119.057158
1741988119.093901
1741988119.126680
1741988119.159398
1741988119.191798
1741988119.224416
1741988119.258737
1741988119.295737
1741988119.328471
1741988119.361061
1741988119.395118
1741988119.427231
1741988119.459353
1741988119.492824
1741988119.525103
1741988119.557763
1741988119.590368
1741988119.624553
1741988119.661591
1741988119.693690
1741988119.726532
1741988119.758721
1741988119.790810
1741988119.822283
1741988119.859656
1741988119.897345
1741988119.930348
1741988119.966980
1741988120.001466
1741988120.031554
1741988120.064357
1741988120.096588
1741988120.131465
1741988120.164059
1741988120.196993
1741988120.228655
1741988120.260441
1741988120.293344
1741988120.326258
1741988120.358391
1741988120.390494
1741988120.423863
1741988120.459467
1741988120.496283
1741988120.529166
1741988120.560589
1741988120.593790
1741988120.625720
1741988120.659597
1741988120.697196
1741988120.730097
1741988120.762210
1741988120.809535
1741988120.843256
1741988120.872970
1741988120.907442
1741988120.937151
1741988120.970623
1741988121.006105
1741988121.038202
1741988121.074104
1741988121.138713
1741988121.169154
1741988121.201504
1741988121.234313
1741988121.268996
1741988121.297199
1741988121.330565
1741988121.363697
1741988121.395791
1741988121.429236
1741988121.464248
1741988121.496375
1741988121.531171
1741988121.564021
1741988121.595883
1741988121.628021
1741988121.659734
1741988121.694405
1741988121.727001
1741988121.759271
1741988121.793580
1741988121.826153
1741988121.860200
1741988121.894528
1741988121.926652
1741988121.958785
1741988121.994060
1741988122.025875
1741988122.060881
1741988122.093857
1741988122.127393
1741988122.158756
1741988122.193756
1741988122.225831
1741988122.262498
1741988122.297593
1741988122.330969
1741988122.363285
1741988122.396601
1741988122.429228
1741988122.461935
1741988122.494542
1741988122.535594
1741988122.570856
1741988122.598568
1741988122.632005
1741988122.664548
1741988122.700715
1741988122.732931
1741988122.765915
1741988122.798695
1741988122.831789
1741988122.864751
1741988122.896939
1741988122.928819
1741988122.961608
1741988122.994218
1741988123.060955
1741988123.097391
1741988123.130550
1741988123.162909
1741988123.195367
1741988123.228361
1741988123.263540
1741988123.296339
1741988123.328716
1741988123.360333
1741988123.394342
1741988123.428561
1741988123.461666
1741988123.493606
1741988123.526487
1741988123.558145
1741988123.592192
1741988123.623991
1741988123.661943
1741988123.704509
1741988123.736207
1741988123.767720
1741988123.801283
1741988123.831708
1741988123.863623
1741988123.898449
1741988123.931211
1741988123.963732
1741988123.996162
1741988124.028124
1741988124.060864
1741988124.092881
1741988124.128276
1741988124.160316
1741988124.192439
1741988124.225667
1741988124.258525
1741988124.296562
1741988124.329152
1741988124.360826
1741988124.393189
1741988124.425495
1741988124.463050
1741988124.496417
1741988124.538352
1741988124.571221
1741988124.603528
1741988124.636942
1741988124.668743
1741988124.701235
1741988124.733873
1741988124.766586
1741988124.799818
1741988124.865400
1741988124.937413
1741988124.969445
1741988125.002032
1741988125.034479
1741988125.067705
1741988125.100263
1741988125.133275
1741988125.164641
1741988125.196240
1741988125.228695
1741988125.260187
1741988125.294767
1741988125.326114
1741988125.357872
1741988125.393305
1741988125.425564
1741988125.457723
1741988125.494090
1741988125.526353
1741988125.559889
1741988125.596635
1741988125.628712
1741988125.660826
1741988125.695086
1741988125.731556
1741988125.764373
1741988125.796362
1741988125.829593
1741988125.862608
1741988125.894712
1741988125.930031
1741988125.961415
1741988125.996167
1741988126.028547
1741988126.061400
1741988126.097868
1741988126.139245
1741988126.173721
1741988126.206485
1741988126.242541
1741988126.270715
1741988126.306046
1741988126.335513
1741988126.370233
1741988126.399846
1741988126.432717
1741988126.465662
1741988126.499041
1741988126.530829
1741988126.563273
1741988126.596053
1741988126.627699
1741988126.659910
1741988126.698365
1741988126.730924
1741988126.762387
1741988126.794321
1741988126.826933
1741988126.861216
1741988126.894579
1741988126.926230
1741988126.959935
1741988126.991323
1741988127.029259
1741988127.092997
1741988127.129928
1741988127.162367
1741988127.195301
1741988127.227608
1741988127.260037
1741988127.297581
1741988127.329154
1741988127.361696
1741988127.394372
1741988127.425999
1741988127.460224
1741988127.494763
1741988127.527621
1741988127.559919
1741988127.596497
1741988127.629210
1741988127.661094
1741988127.695639
1741988127.728323
1741988127.762507
1741988127.794679
1741988127.827143
1741988127.863138
1741988127.900618
1741988127.934115
1741988127.963433
1741988127.995717
1741988128.027575
1741988128.062113
1741988128.098868
1741988128.132271
1741988128.164375
1741988128.196732
1741988128.228912
1741988128.261484
1741988128.299034
1741988128.332000
1741988128.366402
1741988128.399129
1741988128.432249
1741988128.465804
1741988128.495945
1741988128.528078
1741988128.560832
1741988128.595370
1741988128.629891
1741988128.661893
1741988128.694957
1741988128.726953
1741988128.762306
1741988128.795368
1741988128.828078
1741988128.866026
1741988128.905320
1741988128.937409
1741988128.970852
1741988129.000839
1741988129.033476
1741988129.065821
1741988129.098222
1741988129.131755
1741988129.164334
1741988129.196585
1741988129.229741
1741988129.263430
1741988129.297419
1741988129.329852
1741988129.362681
1741988129.394458
1741988129.430734
1741988129.463127
1741988129.496426
1741988129.528854
1741988129.560878
1741988129.592567
1741988129.626872
1741988129.663002
1741988129.698258
1741988129.731732
1741988129.763487
1741988129.795774
1741988129.828064
1741988129.861298
1741988129.894341
1741988129.928870
1741988129.962034
1741988129.993428
1741988130.028931
1741988130.060417
1741988130.095428
1741988130.127153
1741988130.159914
1741988130.198142
1741988130.230940
1741988130.265084
1741988130.299080
1741988130.332711
1741988130.363277
1741988130.395517
1741988130.428075
1741988130.471413
1741988130.506867
1741988130.535175
1741988130.567938
1741988130.600544
1741988130.633660
1741988130.665378
1741988130.697024
1741988130.729547
1741988130.761922
1741988130.793971
1741988130.828505
1741988130.861242
1741988130.895141
1741988130.927535
1741988130.962398
1741988130.994123
1741988131.029708
1741988131.062088
1741988131.131783
1741988131.170612
1741988131.202113
1741988131.234583
1741988131.267267
1741988131.299338
1741988131.330730
1741988131.362702
1741988131.395225
1741988131.427704
1741988131.459598
1741988131.498875
1741988131.531058
1741988131.563048
1741988131.596699
1741988131.629551
1741988131.664368
1741988131.696947
1741988131.729331
1741988131.766445
1741988131.799951
1741988131.835886
1741988131.869666
1741988131.899804
1741988131.931508
1741988131.963589
1741988131.995344
1741988132.028324
1741988132.065228
1741988132.102048
1741988132.134901
1741988132.167024
1741988132.199464
1741988132.231840
1741988132.264199
1741988132.295762
1741988132.329240
1741988132.364153
1741988132.395649
1741988132.428867
1741988132.461002
1741988132.493119
1741988132.533972
1741988132.566449
1741988132.599388
1741988132.632066
1741988132.666639
1741988132.710003
1741988132.746039
1741988132.775324
1741988132.808300
1741988132.842074
1741988132.871993
1741988132.906545
1741988132.936224
1741988132.968618
1741988133.000947
1741988133.033775
1741988133.069044
1741988133.103516
1741988133.132921
1741988133.165717
1741988133.198500
1741988133.231707
1741988133.264806
1741988133.296751
1741988133.336167
1741988133.368416
1741988133.400905
1741988133.440331
1741988133.470040
1741988133.504670
1741988133.535974
1741988133.568980
1741988133.602039
1741988133.634641
1741988133.667037
1741988133.699422
1741988133.743637
1741988133.775297
1741988133.807890
1741988133.842906
1741988133.872489
1741988133.904191
1741988133.937158
1741988133.969279
1741988134.001384
1741988134.034009
1741988134.065380
1741988134.097504
1741988134.133085
1741988134.165665
1741988134.197070
1741988134.231451
1741988134.296721
1741988134.329448
1741988134.362773
1741988134.395975
1741988134.427666
1741988134.466165
1741988134.500852
1741988134.566006
1741988134.600406
1741988134.633227
1741988134.667075
1741988134.708710
1741988134.741434
1741988134.775397
1741988134.806459
1741988134.839829
1741988134.871263
1741988134.903496
1741988134.969419
1741988134.998809
1741988135.030404
1741988135.065274
1741988135.099782
1741988135.163717
1741988135.202412
1741988135.235776
1741988135.266349
1741988135.302030
1741988135.334646
1741988135.370295
1741988135.403721
1741988135.435139
1741988135.467126
1741988135.499811
1741988135.532749
1741988135.564883
1741988135.597125
1741988135.629018
1741988135.667987
1741988135.707842
1741988135.742197
1741988135.771515
1741988135.805563
1741988135.834629
1741988135.867351
1741988135.899268
1741988135.933026
1741988135.965318
1741988135.998384
1741988136.031148
1741988136.063479
1741988136.097377
1741988136.131268
1741988136.164676
1741988136.196760
1741988136.232924
1741988136.264574
1741988136.299457
1741988136.334399
1741988136.365956
1741988136.398327
1741988136.433046
1741988136.465017
1741988136.499478
1741988136.530825
1741988136.564346
1741988136.598741
1741988136.631418
1741988136.663939
1741988136.697922
1741988136.731327
1741988136.766914
1741988136.799967
1741988136.832499
1741988136.864815
1741988136.898750
1741988136.931865
1741988136.965999
1741988136.997463
1741988137.035735
1741988137.068323
1741988137.100528
1741988137.133342
1741988137.165884
1741988137.198488
1741988137.230036
1741988137.266062
1741988137.299588
1741988137.332114
1741988137.365415
1741988137.399240
1741988137.431027
1741988137.463556
1741988137.499216
1741988137.537195
1741988137.574233
1741988137.609462
1741988137.670195
1741988137.702310
1741988137.734797
1741988137.766540
1741988137.798742
1741988137.830973
1741988137.869240
1741988137.906347
1741988137.941105
1741988137.970464
1741988138.003416
1741988138.036414
1741988138.072835
1741988138.105914
1741988138.139172
1741988138.172081
1741988138.205468
1741988138.239132
1741988138.270711
1741988138.303298
1741988138.335954
1741988138.367746
1741988138.399284
1741988138.433912
1741988138.465723
1741988138.500118
1741988138.533403
1741988138.565832
1741988138.602906
1741988138.637029
1741988138.669369
1741988138.702015
1741988138.734352
1741988138.766473
1741988138.801475
1741988138.834765
1741988138.870369
1741988138.903741
1741988138.938566
1741988138.972255
1741988139.002386
1741988139.034787
1741988139.067426
1741988139.099780
1741988139.133837
1741988139.201364
1741988139.233844
1741988139.265216
1741988139.302650
1741988139.334311
1741988139.366118
1741988139.398146
1741988139.433613
1741988139.466287
1741988139.504166
1741988139.536499
1741988139.569682
1741988139.630004
1741988139.664399
1741988139.695067
1741988139.727858
1741988139.764385
1741988139.795654
1741988139.832281
1741988139.862280
1741988139.898589
1741988139.927238
1741988139.959704
1741988139.992782
1741988140.026662
1741988140.059789
1741988140.096984
1741988140.127150
1741988140.160780
1741988140.194207
1741988140.225200
1741988140.260847
1741988140.291828
1741988140.328763
1741988140.358811
1741988140.394951
1741988140.426610
1741988140.460269
1741988140.495572
1741988140.525281
1741988140.559424
1741988140.593751
1741988140.622151
1741988140.659339
1741988140.689222
1741988140.724516
1741988140.755163
1741988140.791402
1741988140.820895
1741988140.858179
1741988140.887709
1741988140.924428
1741988140.987705
1741988141.018073
1741988141.053841
1741988141.084271
1741988141.120887
1741988141.150740
1741988141.186280
1741988141.216057
1741988141.248489
1741988141.283695
1741988141.315203
1741988141.349903
1741988141.380193
1741988141.414323
1741988141.443502
1741988141.476704
1741988141.508958
1741988141.541967
1741988141.574953
1741988141.607041
1741988141.639531
1741988141.672177
1741988141.704201
1741988141.736977
1741988141.769460
1741988141.808029
1741988141.842018
1741988141.871370
1741988141.903121
1741988141.935436
1741988141.968652
1741988142.001637
1741988142.040041
1741988142.073430
1741988142.106063
1741988142.139065
1741988142.172198
1741988142.203791
1741988142.235336
1741988142.267883
